[[14.54730144 13.46780434]
 [20.57098466 33.55245039]
 [ 9.55556506 51.51143281]
 [48.72458008 20.03154959]
 [25.43826106 60.35542243]]
[2]
(array([[ 9.20603952, 22.29802343],
       [22.6110419 , 35.52556697],
       [45.53052717, 69.35429007],
       [49.49970423, 24.60744313],
       [21.55949998, 66.99638439]]), array([1, 1, 4, 4, 3, 1, 1, 3, 4, 3, 3, 4, 4, 3, 4, 1, 3, 3, 3, 4, 1, 1,
       4, 3, 1, 1, 3, 3, 1, 3, 3, 1, 4, 0, 3, 1, 3, 1, 3, 4, 4, 3, 1, 0,
       3, 1, 1, 1, 4, 3, 3, 4, 4, 4, 1, 1, 1, 0, 4, 1, 0, 0, 3, 1, 3, 3,
       1, 3, 4, 3, 4, 3, 1, 1, 0, 1, 4, 0, 1, 4, 3, 1, 3, 4, 1, 3, 1, 1,
       3, 4, 1, 0, 3, 4, 1, 4, 1, 4, 3, 3, 1, 1, 3, 3, 3, 1, 1, 3, 3, 3,
       0, 0, 3, 4, 3, 1, 1, 4, 0, 1, 3, 3, 1, 4, 3, 4, 4, 3, 4, 0, 1, 1,
       3, 4, 3, 1, 1, 3, 1, 3, 4, 3, 4, 3, 4, 4, 3, 0, 1, 4, 3, 0, 3, 3,
       4, 4, 4, 3, 3, 3, 1, 1, 1, 3, 3, 3, 3, 0, 4, 4, 4, 4, 1, 3, 3, 4,
       1, 3, 3, 0, 3, 3, 0, 4, 1, 4, 1, 3, 4, 4, 3, 3, 3, 1, 3, 3, 3, 3,
       0, 1, 3, 3, 3, 1, 3, 4, 3, 0, 1, 3, 1, 1, 1, 0, 0, 1, 1, 0, 4, 1,
       4, 3, 3, 0, 4, 3, 3, 3, 3, 4, 4, 3, 3, 3, 3, 3, 3, 4, 1, 3, 3, 3,
       1, 4, 3, 1, 0, 3, 0, 3]))
